# Repository Report

Generated: `2026-05-05T21:12:09Z`

Path: `C:/Users/playwright/Desktop/code/golang/repo-sentinel`

Files: `8`

Size: `14.0 KB`

## Languages

| Language | Files | Size |
| --- | ---: | ---: |
| Go | 4 | 12.5 KB |
| Markdown | 2 | 1.4 KB |
| gitignore | 1 | 37 B |
| mod | 1 | 30 B |

## Largest files

| File | Size | Modified |
| --- | ---: | --- |
| `internal/sentinel/report.go` | 8.2 KB | 2026-05-05T21:11:57Z |
| `internal/sentinel/report_test.go` | 2.2 KB | 2026-05-05T21:11:33Z |
| `cmd/repo-sentinel/main.go` | 1.6 KB | 2026-05-05T21:11:33Z |
| `REPO_REPORT.md` | 1.1 KB | 2026-05-05T21:11:43Z |
| `internal/sentinel/languages.go` | 555 B | 2026-05-05T21:11:33Z |
| `README.md` | 299 B | 2026-05-05T21:11:33Z |
| `.gitignore` | 37 B | 2026-05-05T21:12:06Z |
| `go.mod` | 30 B | 2026-05-05T21:11:33Z |

## Recently changed

| File | Modified | Size |
| --- | --- | ---: |
| `.gitignore` | 2026-05-05T21:12:06Z | 37 B |
| `internal/sentinel/report.go` | 2026-05-05T21:11:57Z | 8.2 KB |
| `REPO_REPORT.md` | 2026-05-05T21:11:43Z | 1.1 KB |
| `README.md` | 2026-05-05T21:11:33Z | 299 B |
| `cmd/repo-sentinel/main.go` | 2026-05-05T21:11:33Z | 1.6 KB |
| `internal/sentinel/languages.go` | 2026-05-05T21:11:33Z | 555 B |
| `internal/sentinel/report_test.go` | 2026-05-05T21:11:33Z | 2.2 KB |
| `go.mod` | 2026-05-05T21:11:33Z | 30 B |

